{
  "samples": [
    {
      "x": 0.8056966066360474,
      "y": 6.671253204345703,
      "heading": -2.2142972116004627,
      "angularVelocity": 1.0265593797902931e-19,
      "velocityX": 4.772909869623659e-19,
      "velocityY": 1.323334299626565e-19,
      "timestamp": 0
    },
    {
      "x": 0.8340812921524048,
      "y": 6.671253204345703,
      "heading": -2.1353656138867434,
      "angularVelocity": 1.2028611912468388,
      "velocityX": 0.4325623403343104,
      "velocityY": 6.6247414911010015e-16,
      "timestamp": 0.06561987225799651
    },
    {
      "x": 0.8340812921524048,
      "y": 6.671253204345703,
      "heading": -2.1353656138867434,
      "angularVelocity": -9.174256196602801e-20,
      "velocityX": -5.1734784320216155e-19,
      "velocityY": -4.058367901323232e-20,
      "timestamp": 0.13123974451599302
    }
  ],
  "eventMarkers": []
}