{
  "samples": [
    {
      "x": 1.373390793800354,
      "y": 5.535864353179932,
      "heading": 3.141592653589793,
      "angularVelocity": 6.465427974770357e-29,
      "velocityX": -9.713241122451765e-20,
      "velocityY": -1.942644301611289e-19,
      "timestamp": 0
    },
    {
      "x": 1.3875831365585327,
      "y": 5.564249038696289,
      "heading": 3.141592653589793,
      "angularVelocity": 1.2571010087307698e-22,
      "velocityX": 0.2300482580324426,
      "velocityY": 0.4600965160648821,
      "timestamp": 0.061692893828290025
    },
    {
      "x": 1.3875831365585327,
      "y": 5.564249038696289,
      "heading": 3.141592653589793,
      "angularVelocity": 2.4753923854148894e-28,
      "velocityX": -2.937411671488655e-19,
      "velocityY": -5.874904413139689e-19,
      "timestamp": 0.12338578765658005
    }
  ],
  "eventMarkers": []
}